100
0.01864427 0.81566369
0.57103466 0.06437769
0.08549021 0.71634700
0.53715504 0.98376388
0.61774160 0.24703295
0.68143001 0.00933313
0.97813131 0.67607706
0.18616497 0.49921984
0.05408843 0.02618551
0.46946944 0.07752532
0.40383292 0.35266170
0.43228830 0.28751588
0.52277396 0.67336453
0.93041298 0.56418199
0.89505620 0.44046000
0.60054037 0.04439641
0.42916610 0.43868593
0.66099940 0.66182206
0.65422651 0.44257725
0.85856951 0.57848694
0.08444465 0.90311460
0.80230740 0.95651611
0.04776469 0.99818535
0.84977669 0.28901074
0.11978126 0.58758278
0.35860766 0.37649725
0.11060792 0.78967005
0.59278925 0.05049235
0.68610276 0.33434298
0.17456973 0.46935874
0.90137425 0.06529296
0.76283190 0.34241037
0.14337678 0.63503574
0.46869394 0.78315369
0.44552693 0.40363572
0.12695300 0.17982330
0.01435011 0.59308364
0.05179576 0.13489860
0.83404332 0.25519290
0.18036782 0.54688275
0.76714278 0.13424719
0.12615810 0.39823910
0.31242284 0.94521748
0.52096181 0.01891391
0.89040569 0.01511875
0.38508481 0.22048573
0.25517755 0.01951620
0.64797234 0.08250470
0.45578978 0.72956846
0.77260015 0.27414404
0.48950098 0.56534211
0.42934190 0.26788002
0.60255176 0.11878041
0.01160821 0.96158818
0.46993993 0.73099519
0.12613086 0.38784156
0.85526663 0.79664950
0.19968545 0.86344196
0.87952718 0.69685183
0.59740476 0.02545566
0.19031424 0.41077753
0.77731168 0.83955523
0.94205747 0.97735842
0.36100251 0.46765545
0.64584984 0.17985025
0.91250230 0.42738220
0.61934165 0.46702397
0.34651915 0.19205453
0.20911229 0.54136790
0.75443902 0.65533315
0.91697773 0.22234220
0.36521330 0.16897923
0.08920742 0.88355655
0.12334809 0.91527283
0.13399087 0.70201708
0.90378200 0.12468040
0.87986309 0.55180819
0.24460918 0.02405143
0.69175089 0.98939611
0.86760018 0.63574170
0.04127189 0.26172388
0.06765159 0.92155860
0.92383828 0.51137669
0.49086954 0.80284762
0.71457543 0.26436647
0.79180041 0.36357630
0.23100252 0.47759742
0.09887423 0.41375010
0.44351628 0.06065774
0.38814185 0.96674508
0.24125015 0.62844019
0.58788947 0.90764731
0.78024072 0.08275363
0.31216130 0.91772787
0.91013743 0.61033491
0.35309287 0.62662153
0.71253793 0.15539307
0.40369777 0.45550895
0.00835701 0.03116160
0.38856060 0.07434118
